0 0.107639 0.056250 0.212500 0.110417
0 0.502778 0.055208 0.213889 0.108333
0 0.893750 0.056771 0.212500 0.111458
0 0.109028 0.244792 0.215278 0.266667
0 0.303472 0.245312 0.173611 0.267708
0 0.499306 0.244271 0.218056 0.267708
0 0.697917 0.244271 0.173611 0.267708
0 0.893056 0.247396 0.213889 0.267708
0 0.102778 0.492708 0.202778 0.229167
0 0.497917 0.492708 0.215278 0.222917
0 0.891667 0.494271 0.213889 0.226042
0 0.102778 0.744271 0.202778 0.271875
0 0.293056 0.745313 0.175000 0.273958
0 0.493056 0.745313 0.222222 0.278125
0 0.691667 0.744271 0.172222 0.278125
0 0.890278 0.745313 0.219444 0.271875
0 0.099306 0.940104 0.195833 0.117708
0 0.488194 0.941667 0.215278 0.112500
0 0.886806 0.940104 0.215278 0.117708
4 0.070833 0.506250 0.119444 0.225000
4 0.481944 0.525521 0.141667 0.232292
